
$molecule
 S    -0.820912  -0.615902  -1.348887
 O    -0.799539   1.798808   2.244252
 O    -5.008100  -0.528207   0.546102
 O    -4.204281   0.537293  -1.272519
 O     2.455454   3.306958  -0.406745
 N    -1.921308   1.161216   0.257422
 N     1.281912   1.374190  -0.152973
 C    -1.116249   1.153295  -0.957903
 C    -1.828406  -1.245355   0.096206
 C    -2.696530  -0.017438   0.536762
 C    -0.015447   1.943593  -0.193480
 C    -0.905705   1.689584   1.052127
 C    -2.642394  -2.438201  -0.377127
 C    -0.902272  -1.651646   1.234383
 C    -4.026473   0.049265  -0.184134
 C     2.429628   2.095752  -0.257645
 C     3.717575   1.273805  -0.179048
 C     3.550261  -0.190255   0.082695
 C     3.436974  -0.669651   1.386643
 C     3.417409  -1.093467  -0.969348
 C     3.199428  -2.012566   1.632156
 C     3.179532  -2.437901  -0.728025
 C     3.070204  -2.901684   0.574314
 H    -1.569322   1.639099  -1.814034
 H    -2.871231  -0.072757   1.608376
 H     0.066612   2.990618  -0.473964
 H    -1.980319  -3.248425  -0.674438
 H    -3.274980  -2.806913   0.429137
 H    -3.268347  -2.190426  -1.229848
 H    -1.479536  -2.084046   2.053194
 H    -0.185853  -2.394212   0.891917
 H    -0.341069  -0.810847   1.630560
 H     1.344336   0.370300  -0.082238
 H    -5.817562  -0.469715   0.012551
 H     4.319578   1.745446   0.596218
 H     4.242441   1.447749  -1.117835
 H     3.526530   0.021504   2.215292
 H     3.492412  -0.735927  -1.988681
 H     3.117406  -2.366020   2.651323
 H     3.080943  -3.123445  -1.558952
 H     2.887605  -3.950949   0.764883
$end
$temperature
298.15
$end
$mult
 1
$end
$sigma
 1
$end
$pressure
1.00000
$end
$scale
0.97
$end
$msrrho
$end
$freq
12.22
22.38
26.97
38.72
54.69
58.97
66.98
83.65
116.78
122.46
152.33
196.14
218.74
235.88
261.86
265.55
274.60
297.67
319.39
326.63
333.01
351.20
369.35
398.60
400.17
441.32
472.59
485.67
499.75
530.37
561.96
573.17
609.57
617.11
619.45
624.38
637.28
642.15
681.16
688.36
726.38
743.97
761.53
792.38
835.13
843.15
861.63
886.77
896.91
910.40
913.08
924.54
927.32
945.98
947.87
955.27
979.99
1013.28
1018.01
1038.77
1046.21
1085.40
1098.26
1127.76
1151.34
1162.88
1178.78
1181.10
1191.05
1201.73
1202.41
1210.18
1216.53
1222.81
1243.78
1273.97
1281.67
1294.91
1313.47
1321.64
1337.04
1355.20
1360.15
1401.53
1408.05
1428.95
1466.54
1480.55
1486.03
1493.14
1507.84
1517.73
1524.46
1542.01
1613.93
1637.02
1731.27
1795.11
1828.91
2998.06
3011.54
3027.01
3068.22
3073.27
3076.26
3077.06
3081.89
3096.47
3099.55
3109.37
3121.41
3122.60
3129.80
3139.88
3148.97
3521.80
3664.40
$end
