
$molecule
 S     4.807152   0.858378   0.022775
 O     5.326378  -0.442558   0.475417
 O     5.217639   1.491104  -1.241219
 N     5.115631   1.974462   1.278056
 H     5.723380   1.528108   1.953403
 H     5.569210   2.786814   0.879268
 C     3.015122   0.759237   0.021052
 C     2.289174   1.606415  -0.799622
 C     0.909819   1.516602  -0.812430
 C     0.275240   0.585361  -0.000943
 C     1.009241  -0.249681   0.832056
 C     2.388753  -0.168335   0.836313
 H     2.975595  -0.822040   1.463604
 H     0.505593  -0.956761   1.471797
 N    -1.136797   0.507237  -0.022348
 C    -1.937289  -0.607871   0.036139
 C    -3.229863  -0.134861   0.077502
 C    -3.110536   1.257090   0.019447
 N    -1.846142   1.651164  -0.039970
 C    -4.206474   2.270307   0.059829
 F    -5.398635   1.689650  -0.223468
 F    -4.016673   3.270161  -0.824816
 F    -4.325406   2.839490   1.285543
 H    -4.127599  -0.724781   0.084454
 C    -1.463563  -1.983901  -0.033619
 C    -1.996425  -2.946374   0.820800
 C    -1.579234  -4.264232   0.745632
 C    -0.618133  -4.665295  -0.177299
 C    -0.097678  -3.699050  -1.037030
 C    -0.511320  -2.382902  -0.972502
 H    -0.101714  -1.659591  -1.663337
 H     0.638471  -3.986050  -1.777132
 C    -0.139831  -6.082016  -0.235734
 H     0.813025  -6.193730   0.284325
 H    -0.846873  -6.763781   0.231205
 H     0.017762  -6.408087  -1.262314
 H    -2.005971  -4.994179   1.421620
 H    -2.733196  -2.654590   1.557015
 H     0.317283   2.162341  -1.441723
 H     2.801139   2.308180  -1.440485
$end
$temperature
298.15
$end
$mult
 1
$end
$sigma
 1
$end
$pressure
1.00000
$end
$scale
0.97
$end
$msrrho
$end
$freq
7.08
14.54
24.31
29.36
37.02
44.56
55.89
62.11
95.47
107.40
130.14
134.61
146.30
177.76
191.72
205.11
235.64
260.50
291.35
330.40
346.31
347.82
362.67
376.11
402.10
405.53
411.34
423.09
430.83
464.19
477.13
503.91
530.09
544.63
554.11
572.23
610.78
626.13
641.32
655.32
661.56
693.27
707.65
715.94
723.30
729.39
759.98
807.20
812.75
824.49
825.17
830.46
837.62
862.49
908.16
937.93
944.13
952.97
975.81
986.07
1005.82
1031.05
1038.38
1052.50
1065.89
1080.12
1098.25
1099.48
1107.29
1116.99
1129.25
1135.35
1141.68
1199.84
1207.06
1214.22
1233.68
1235.01
1289.78
1306.70
1328.10
1329.56
1342.02
1360.43
1390.09
1415.75
1433.61
1437.59
1458.18
1471.77
1494.13
1498.56
1525.31
1535.21
1577.26
1595.77
1609.22
1615.33
1627.83
1647.34
2997.27
3055.44
3086.35
3124.34
3126.78
3143.10
3150.77
3167.70
3168.68
3179.92
3182.01
3233.93
3453.88
3568.93
$end
