
$molecule
 F     6.162932  -0.328390  -1.320499
 C     4.961824  -0.473422  -0.714868
 C     4.524272   0.505534   0.155050
 C     3.294769   0.354926   0.772643
 C     2.514053  -0.770514   0.517518
 C     2.973496  -1.747996  -0.366836
 C     4.202897  -1.597246  -0.982509
 H     4.574466  -2.345785  -1.666714
 H     2.369971  -2.620282  -0.559576
 N     1.277900  -0.907887   1.148014
 C     0.304248  -1.862528   1.133223
 O     0.231213  -2.921248   0.530378
 C    -0.539003  -1.124211   2.164274
 C    -1.956748  -0.673294   1.882705
 C    -3.034623  -1.739058   1.699097
 H    -2.942635  -2.534433   2.439924
 H    -3.988781  -1.250249   1.902058
 C    -3.160749  -2.420806   0.313421
 C    -2.912317  -1.430723  -0.809519
 C    -1.840932  -1.564185  -1.682163
 C    -1.575516  -0.602882  -2.648965
 C    -2.404115   0.495194  -2.737690
 C    -3.497264   0.650089  -1.907338
 C    -3.741824  -0.319617  -0.950064
 H    -4.594092  -0.198465  -0.293185
 H    -4.138500   1.513162  -2.013863
 F    -2.140298   1.454460  -3.663621
 H    -0.739702  -0.704209  -3.326490
 H    -1.203856  -2.431776  -1.610002
 H    -4.201151  -2.745829   0.233808
 O    -2.419606  -3.612501   0.201565
 H    -1.475108  -3.432490   0.373735
 H    -1.963091  -0.011566   1.022059
 H    -2.243091  -0.043743   2.728063
 H    -0.498045  -1.666376   3.111207
 C     0.586416  -0.026414   2.097497
 C     0.219082   1.317993   1.562626
 C     0.084460   2.400507   2.425351
 C    -0.321466   3.639919   1.965518
 C    -0.600055   3.815385   0.614498
 C    -0.463163   2.743185  -0.261803
 C    -0.056552   1.510998   0.213142
 H     0.036683   0.688481  -0.481432
 H    -0.677501   2.868215  -1.316201
 O    -0.996671   5.054513   0.208024
 H    -1.149042   5.040035  -0.744157
 H    -0.423638   4.479829   2.637548
 H     0.301438   2.275573   3.479260
 H     1.133925   0.068534   3.036431
 H     2.935582   1.122691   1.441069
 H     5.137815   1.374280   0.342188
$end
$temperature
298.15
$end
$mult
 1
$end
$sigma
 1
$end
$pressure
1.00000
$end
$scale
0.97
$end
$msrrho
$end
$freq
14.13
24.32
28.66
39.56
42.47
50.25
57.80
69.33
89.25
108.97
129.59
144.99
150.76
196.30
199.09
226.98
229.13
258.56
274.68
298.70
317.36
334.48
355.15
359.46
365.97
389.52
398.01
404.71
409.18
412.31
419.96
432.56
447.10
460.70
493.74
510.06
520.82
526.66
560.62
579.53
608.73
613.44
638.05
646.31
647.58
653.57
677.13
699.31
703.52
713.67
738.79
771.53
793.41
795.18
803.37
806.51
821.46
822.52
830.42
832.97
837.39
846.13
849.70
882.08
896.90
902.94
909.42
910.53
918.52
924.35
935.87
967.06
1022.31
1026.65
1026.76
1030.32
1040.58
1089.37
1096.74
1115.23
1123.14
1131.28
1135.21
1154.83
1177.14
1179.21
1194.00
1196.05
1199.54
1202.53
1222.74
1230.55
1233.10
1242.77
1259.83
1285.83
1287.18
1294.18
1316.60
1323.03
1325.54
1330.29
1350.77
1359.13
1366.38
1373.25
1376.87
1386.18
1397.03
1418.53
1434.46
1455.03
1473.16
1475.20
1482.47
1495.83
1533.07
1537.36
1544.89
1616.47
1621.55
1623.37
1636.02
1642.38
1650.52
1758.49
2978.82
2990.88
3004.14
3007.09
3014.82
3038.49
3085.17
3119.15
3122.20
3123.10
3154.48
3154.52
3157.47
3158.38
3160.55
3164.30
3171.28
3177.45
3188.48
3474.27
3745.89
$end
