
$molecule
 S     3.670042  -1.048617  -0.446733
 C     4.005476  -1.994981   0.961898
 C     3.078204  -1.780543   1.933515
 C     2.086775  -0.842786   1.555046
 C     2.264121  -0.350851   0.298066
 C     1.444123   0.672212  -0.420188
 C     1.932182   2.088309  -0.155026
 H     1.810802   2.302128   0.906678
 H     3.006915   2.094615  -0.344657
 C     1.277999   3.166682  -1.025965
 N    -0.112069   3.507774  -0.781452
 H    -0.686262   2.685971  -0.910574
 C    -0.372313   4.073445   0.527727
 H     0.197388   4.996031   0.644326
 H    -0.124829   3.423232   1.379185
 H    -1.427625   4.330370   0.604263
 H     1.863200   4.083272  -0.922360
 H     1.367631   2.868854  -2.074203
 O     0.080202   0.614525   0.010420
 C    -0.708309  -0.422383  -0.394374
 C    -0.282697  -1.479170  -1.161188
 C    -1.192640  -2.479335  -1.542824
 C    -2.504324  -2.426774  -1.164494
 C    -2.969037  -1.358582  -0.368722
 C    -4.312982  -1.266534   0.047702
 C    -4.744992  -0.223536   0.822708
 C    -3.845623   0.778347   1.220675
 C    -2.532012   0.723362   0.833467
 C    -2.062036  -0.335685   0.032504
 H    -1.840331   1.489333   1.148076
 H    -4.192358   1.597476   1.836455
 H    -5.780302  -0.170261   1.132325
 H    -5.003211  -2.042491  -0.258141
 H    -3.197724  -3.201347  -1.464215
 H    -0.833792  -3.302633  -2.145807
 H     0.749623  -1.571851  -1.456135
 H     1.481040   0.487102  -1.499714
 H     1.254478  -0.552567   2.177699
 H     3.099901  -2.279492   2.890829
 H     4.862558  -2.645206   0.980709
$end
$temperature
298.15
$end
$mult
 1
$end
$sigma
 1
$end
$pressure
1.00000
$end
$scale
0.97
$end
$msrrho
$end
$freq
22.18
33.14
38.20
43.16
66.02
78.27
100.40
123.53
167.01
172.86
185.39
212.85
219.26
256.58
273.62
287.29
365.41
389.32
401.78
416.46
448.19
482.98
485.46
512.92
523.22
545.57
549.32
578.08
606.00
611.39
635.16
680.41
699.22
736.08
736.74
739.23
748.24
763.19
794.59
803.56
809.25
826.28
832.62
838.86
852.70
880.60
884.94
890.91
892.87
906.19
924.25
954.61
1008.52
1032.29
1040.07
1052.01
1060.69
1088.68
1092.00
1112.74
1128.19
1147.20
1158.38
1166.45
1180.04
1181.72
1200.25
1240.43
1249.08
1252.53
1259.08
1291.15
1309.39
1347.30
1361.47
1376.82
1384.13
1387.02
1393.38
1400.77
1430.34
1451.86
1468.29
1472.88
1474.76
1481.97
1489.20
1496.60
1510.44
1533.33
1542.13
1571.21
1606.12
1627.88
1654.74
2899.25
2950.99
2972.64
3004.91
3012.46
3018.25
3056.27
3061.40
3121.62
3127.39
3131.11
3142.22
3144.23
3160.33
3174.88
3175.27
3182.47
3212.30
3489.36
$end
