
$molecule
 F     6.768360   1.653909  -0.576233
 C     5.639575   0.936663  -0.363030
 C     5.399487  -0.187484  -1.130678
 C     4.246477  -0.921286  -0.917990
 C     3.340351  -0.525517   0.068490
 C     3.602212   0.612074   0.830206
 C     4.755741   1.346947   0.614797
 H     4.968016   2.231470   1.196989
 H     2.897981   0.934350   1.582148
 N     2.179709  -1.260449   0.295854
 C     1.659706  -2.420578  -0.232352
 O     2.034862  -3.154393  -1.119096
 C     0.467490  -2.384240   0.719635
 C    -0.901124  -2.385833   0.080888
 C    -2.034248  -2.409171   1.093423
 H    -1.986110  -3.329675   1.678464
 H    -1.911913  -1.579370   1.790143
 C    -3.430605  -2.308602   0.469741
 C    -3.648709  -0.956126  -0.172408
 C    -3.912444   0.142891   0.638577
 C    -4.060611   1.412092   0.108952
 C    -3.919672   1.573011  -1.253800
 C    -3.677393   0.508600  -2.095643
 C    -3.549762  -0.757873  -1.542873
 H    -3.386145  -1.601588  -2.198301
 H    -3.592216   0.669484  -3.160546
 F    -4.005269   2.826762  -1.778865
 H    -4.250309   2.268634   0.737437
 H    -4.005613   0.009411   1.709039
 H    -4.158198  -2.412161   1.276353
 O    -3.710810  -3.400644  -0.397661
 H    -2.954791  -3.531897  -0.980167
 H    -0.939797  -3.268113  -0.563889
 H    -1.005017  -1.520227  -0.570949
 H     0.542936  -3.178892   1.463579
 C     1.087554  -1.047023   1.256751
 C     0.327387   0.227618   1.090632
 C     0.138010   0.809240  -0.158083
 C    -0.582459   1.980059  -0.298275
 C    -1.129018   2.599262   0.820373
 C    -0.939196   2.037442   2.077192
 C    -0.215884   0.866021   2.201162
 H    -0.067386   0.440942   3.186500
 H    -1.360346   2.529044   2.942498
 O    -1.854088   3.750378   0.747227
 H    -2.010282   3.969702  -0.179365
 H    -0.721222   2.415436  -1.279925
 H     0.576799   0.352757  -1.034496
 H     1.434123  -1.141560   2.287461
 H     4.042647  -1.802383  -1.505544
 H     6.111073  -0.482825  -1.887723
$end
$temperature
298.15
$end
$mult
 1
$end
$sigma
 1
$end
$pressure
1.00000
$end
$scale
0.97
$end
$msrrho
$end
$freq
18.17
28.68
30.58
40.83
43.67
49.65
63.24
74.59
89.15
101.36
117.91
133.87
143.48
180.50
190.87
199.13
225.60
248.88
263.57
268.54
276.66
297.78
329.72
338.41
368.44
375.14
378.27
397.40
404.49
409.24
411.16
421.03
432.20
442.69
460.97
499.85
510.57
527.44
540.95
565.40
596.81
610.97
620.06
644.36
647.69
652.03
659.27
696.29
701.15
718.71
744.88
765.08
773.60
792.29
797.45
801.99
821.27
823.24
824.66
831.64
836.24
841.69
848.49
877.49
896.68
899.79
903.00
909.63
922.40
923.05
925.65
973.09
1023.02
1026.15
1027.39
1031.25
1062.38
1079.34
1087.55
1116.23
1123.15
1130.22
1132.08
1146.00
1178.14
1178.56
1188.46
1193.62
1195.87
1204.19
1224.69
1229.78
1233.91
1240.39
1241.07
1261.46
1286.18
1299.15
1307.30
1320.76
1324.94
1326.82
1344.69
1347.72
1361.38
1367.34
1379.53
1389.63
1398.41
1410.69
1418.62
1443.20
1453.38
1475.02
1477.54
1492.94
1535.62
1536.74
1545.48
1615.38
1624.38
1626.59
1639.22
1642.19
1651.06
1795.43
2981.48
2995.28
3001.36
3011.94
3018.59
3042.98
3061.06
3117.30
3123.11
3123.87
3143.73
3145.74
3154.86
3159.55
3161.51
3162.74
3170.47
3174.34
3184.15
3740.38
3744.70
$end
