
$molecule
 S     0.070316  -1.323561  -0.278354
 C    -0.007807   0.308711  -0.072929
 N    -1.103008   1.055934   0.200111
 C    -2.416890   0.521913   0.227651
 C    -3.003064   0.086134  -0.949364
 C    -4.287757  -0.407853  -0.910843
 C    -5.040909  -0.478926   0.257868
 C    -4.416600  -0.025906   1.418906
 C    -3.124104   0.459787   1.418635
 H    -2.655710   0.768302   2.340232
 H    -4.991074  -0.075903   2.331550
 C    -6.455720  -0.974586   0.416511
 O    -7.045835  -0.797996   1.477670
 N    -7.008348  -1.619674  -0.636602
 H    -6.472227  -1.722883  -1.478564
 C    -8.351652  -2.151719  -0.606891
 H    -8.345238  -3.231052  -0.757485
 H    -8.967711  -1.694161  -1.380854
 H    -8.783790  -1.934215   0.362412
 F    -4.807211  -0.825444  -2.098998
 H    -2.463319   0.109052  -1.882826
 C    -0.835393   2.502793   0.208546
 C     0.666227   2.525543  -0.034190
 O     1.369437   3.507080  -0.093825
 N     1.072378   1.205352  -0.170881
 C     2.417392   0.821594  -0.379466
 C     3.142494   1.400202  -1.406804
 C     4.461490   1.038609  -1.595830
 C     5.066367   0.093099  -0.768250
 C     4.322810  -0.479729   0.277107
 C     3.007406  -0.107285   0.466335
 H     2.433787  -0.539090   1.267940
 C     4.955226  -1.492699   1.197204
 F     4.098011  -1.911464   2.153637
 F     5.364493  -2.587322   0.518664
 F     6.035755  -0.978419   1.827763
 C     6.420260  -0.245859  -1.023641
 N     7.525419  -0.490217  -1.273665
 H     5.036034   1.480246  -2.395463
 H     2.680847   2.130122  -2.053013
 C    -1.146504   3.150548   1.549347
 H    -0.675414   2.608474   2.366088
 H    -2.219792   3.178852   1.717783
 H    -0.768909   4.169522   1.548774
 C    -1.550656   3.208629  -0.935974
 H    -2.626892   3.174226  -0.785643
 H    -1.319629   2.743132  -1.891801
 H    -1.234770   4.247471  -0.972160
$end
$temperature
298.15
$end
$mult
 1
$end
$sigma
 1
$end
$pressure
1.00000
$end
$scale
0.97
$end
$msrrho
$end
$freq
14.91
18.42
21.99
28.00
36.32
36.54
49.40
53.54
75.24
88.84
102.16
112.55
121.34
140.69
153.55
169.69
176.73
199.93
205.99
228.37
235.70
251.07
261.80
281.90
284.25
298.67
303.34
309.45
318.64
322.18
325.53
361.30
369.87
397.95
413.66
436.75
452.11
459.11
474.82
489.32
501.81
508.50
527.83
551.50
553.75
577.40
578.29
592.20
614.04
623.84
638.79
643.14
664.17
680.18
706.96
717.40
736.23
742.08
749.03
750.47
805.67
818.66
831.95
833.91
844.23
875.55
880.68
923.52
930.17
950.92
959.66
966.53
1012.64
1014.91
1023.21
1043.67
1062.57
1114.23
1114.74
1126.25
1137.35
1144.74
1160.87
1162.86
1165.78
1179.10
1180.69
1189.49
1221.70
1224.22
1257.17
1263.55
1278.49
1282.62
1293.52
1317.84
1346.81
1350.85
1377.75
1393.97
1414.44
1425.58
1437.67
1440.86
1456.32
1486.38
1488.72
1495.51
1507.09
1507.70
1514.10
1519.27
1522.70
1574.26
1590.92
1593.44
1640.17
1643.84
1709.81
1786.72
2283.48
2998.63
3016.70
3020.08
3049.86
3093.99
3099.54
3104.69
3110.25
3132.85
3168.45
3170.69
3177.88
3182.77
3183.33
3208.60
3600.92
$end
