
$molecule
 O    -1.410288  -1.398224  -0.909927
 C    -1.452908  -2.040246   0.381624
 C    -1.468740  -3.540895   0.140014
 C    -0.198973  -4.088066  -0.484363
 H     0.676238  -3.869543   0.127883
 H    -0.256523  -5.169400  -0.601306
 H    -0.032637  -3.659571  -1.470423
 H    -2.321401  -3.780564  -0.496424
 H    -1.652686  -4.031598   1.098481
 C    -2.647454  -1.559930   1.202486
 C    -4.001134  -1.778978   0.549627
 H    -4.025952  -1.342428  -0.447045
 H    -4.790087  -1.314642   1.139402
 H    -4.246662  -2.835112   0.453232
 H    -2.525303  -0.503271   1.430919
 H    -2.612307  -2.074315   2.166083
 H    -0.538218  -1.787005   0.928951
 C    -0.527580  -0.294474  -1.060288
 C     0.891851  -0.632649  -0.745845
 C     1.765020   0.224884  -0.212692
 C     3.134885  -0.281922   0.062603
 O     3.525466  -1.406865  -0.176413
 O     3.900420   0.670575   0.640885
 C     5.263008   0.302043   0.957952
 C     6.172180   0.472026  -0.233171
 H     6.128345   1.490394  -0.615043
 H     5.900024  -0.214638  -1.030257
 H     7.201390   0.263319   0.057858
 H     5.537019   0.973382   1.768139
 H     5.275529  -0.722580   1.322149
 C     1.403459   1.641744   0.108876
 H     1.322497   1.765159   1.193245
 H     2.196808   2.320386  -0.195660
 C     0.099307   2.071203  -0.545892
 N    -0.271396   3.393235  -0.073186
 H    -0.610247   3.319654   0.880043
 H    -1.066204   3.723719  -0.606370
 H     0.269912   2.152858  -1.624315
 C    -0.953866   0.969887  -0.321146
 N    -2.284393   1.357837  -0.739600
 C    -3.199852   1.874744   0.125316
 O    -2.913679   2.208506   1.270190
 C    -4.600532   2.016494  -0.416541
 H    -5.258034   1.352654   0.140723
 H    -4.944464   3.032813  -0.243303
 H    -4.690542   1.787563  -1.476357
 H    -2.631860   0.940764  -1.586275
 H    -0.992913   0.776437   0.750966
 H     1.217072  -1.636182  -0.979906
 H    -0.586917  -0.083398  -2.136592
$end
$temperature
298.15
$end
$mult
 1
$end
$sigma
 1
$end
$pressure
1.00000
$end
$scale
0.97
$end
$msrrho
$end
$freq
26.50
32.94
38.52
42.05
61.32
64.48
74.36
82.58
93.83
99.05
102.73
117.11
133.02
140.92
169.26
178.46
214.64
219.72
225.34
243.48
256.26
265.69
283.68
300.60
307.65
325.16
349.92
374.13
386.89
394.79
417.29
430.40
457.32
463.98
499.12
507.26
554.60
560.75
590.58
623.88
628.02
670.94
728.48
750.82
767.19
776.21
814.77
847.07
858.39
877.96
893.62
898.45
918.64
924.19
930.16
942.38
983.73
1002.30
1008.76
1028.26
1030.38
1038.33
1043.41
1047.13
1057.82
1074.41
1088.18
1112.00
1115.59
1136.28
1136.55
1148.04
1164.76
1179.95
1184.91
1190.40
1215.96
1233.87
1264.74
1286.86
1295.61
1304.26
1313.12
1315.69
1328.07
1337.41
1343.98
1367.29
1372.96
1382.36
1384.83
1393.15
1394.71
1398.49
1402.75
1410.10
1412.69
1413.03
1426.16
1476.37
1477.95
1481.29
1488.16
1491.84
1493.00
1496.18
1506.86
1507.95
1509.87
1516.22
1518.86
1524.68
1678.25
1695.05
1719.54
1736.19
2925.02
2954.44
2964.13
2982.36
2990.34
2995.03
2997.66
3005.29
3008.69
3016.61
3030.67
3034.02
3035.32
3054.92
3064.18
3064.39
3072.63
3073.57
3079.90
3081.06
3083.57
3092.15
3100.18
3106.50
3160.45
3434.23
3513.06
3566.83
$end
