
$molecule
 O     3.158009  -1.753780  -0.938150
 C     3.205791  -0.833921   0.056714
 O     3.561890  -1.108942   1.179673
 C     2.731286   0.523891  -0.413771
 C     1.225717   0.588060  -0.265033
 C     0.415508   0.820595  -1.368057
 C    -0.961650   0.906954  -1.232247
 C    -1.572720   0.754637   0.006618
 C    -0.754253   0.516138   1.108795
 C     0.620387   0.434086   0.979392
 H     1.229876   0.239210   1.851501
 H    -1.202773   0.395825   2.087485
 C    -3.062815   0.799263   0.158383
 H    -3.322625   1.430568   1.010853
 H    -3.509109   1.268585  -0.721007
 C    -3.708605  -0.579518   0.359209
 C    -3.451482  -1.499419  -0.823920
 H    -3.900652  -2.478901  -0.662525
 H    -2.387058  -1.643442  -0.997031
 H    -3.883048  -1.085282  -1.737207
 C    -5.198856  -0.431167   0.627738
 H    -5.704742   0.020612  -0.227186
 H    -5.388897   0.200451   1.495601
 H    -5.665444  -1.398630   0.810917
 H    -3.247061  -1.030565   1.243094
 H    -1.572685   1.090337  -2.107203
 H     0.865258   0.939103  -2.345909
 C     3.438626   1.643742   0.338290
 H     4.514409   1.606602   0.174429
 H     3.067870   2.607452  -0.003567
 H     3.262947   1.566317   1.407178
 H     2.960502   0.595551  -1.476033
 H     3.426862  -2.596093  -0.537457
$end
$temperature
298.15
$end
$mult
 1
$end
$sigma
 1
$end
$pressure
1.00000
$end
$scale
0.97
$end
$msrrho
$end
$freq
26.25
35.67
48.05
54.90
66.58
112.50
153.25
208.53
226.52
231.58
249.08
256.85
288.64
322.88
352.36
384.20
403.12
411.90
423.69
446.06
545.26
558.29
619.67
641.09
661.78
712.91
732.25
792.96
810.69
827.40
830.16
848.89
853.13
890.17
897.71
932.24
943.17
955.46
968.18
1007.98
1038.74
1075.58
1089.90
1100.13
1132.68
1140.61
1153.35
1188.01
1205.31
1216.21
1229.57
1245.09
1277.88
1309.56
1311.88
1348.27
1362.13
1367.64
1370.99
1385.07
1400.02
1408.69
1420.12
1450.60
1488.72
1495.42
1496.36
1502.44
1503.99
1511.00
1518.92
1541.44
1604.82
1645.30
1777.66
2968.10
2983.05
2985.43
2992.08
3013.25
3026.18
3037.78
3050.17
3056.94
3062.14
3077.34
3083.24
3105.91
3115.21
3116.62
3130.45
3142.96
3668.53
$end
