
$molecule
 O    -1.393237   1.431944   0.902504
 C    -1.283504   2.069135  -0.387387
 C    -1.240345   3.569714  -0.148596
 C    -0.005970   4.051166   0.590359
 H     0.909013   3.783305   0.061512
 H    -0.015900   5.134576   0.701695
 H     0.045597   3.619054   1.587433
 H    -2.133960   3.858293   0.406112
 H    -1.308313   4.064766  -1.120012
 C    -2.422696   1.649746  -1.313752
 C    -3.816226   1.944700  -0.786775
 H    -4.572375   1.519853  -1.445304
 H    -4.012245   3.013011  -0.714019
 H    -3.954903   1.515869   0.203919
 H    -2.337707   0.586885  -1.530198
 H    -2.272344   2.156808  -2.270114
 H    -0.337876   1.764227  -0.849101
 C    -0.585772   0.285210   1.133260
 C     0.871816   0.548715   0.948870
 C     1.744754  -0.355511   0.499058
 C     3.158006   0.079347   0.348425
 O     3.583235   1.183274   0.623491
 O     3.924390  -0.916922  -0.149613
 C     5.317744  -0.606616  -0.384646
 C     5.517702   0.051490  -1.726664
 H     6.581936   0.199861  -1.908002
 H     5.030544   1.022382  -1.759442
 H     5.121022  -0.568918  -2.528270
 H     5.679307   0.024652   0.423692
 H     5.816095  -1.571689  -0.335231
 C     1.341721  -1.753807   0.146883
 H     1.355390  -1.879225  -0.940203
 H     2.067210  -2.470658   0.524305
 C    -0.037925  -2.112083   0.678169
 N    -0.432048  -3.415041   0.172503
 H    -0.678442  -3.327690  -0.807556
 H    -1.288181  -3.701719   0.630823
 H     0.027963  -2.197981   1.767645
 C    -1.007541  -0.958790   0.358016
 N    -2.388991  -1.275855   0.652741
 C    -3.247241  -1.747204  -0.293000
 O    -2.875486  -2.098099  -1.407809
 C    -4.696827  -1.815329   0.118947
 H    -4.870435  -1.580688   1.167060
 H    -5.266065  -1.119223  -0.493350
 H    -5.075646  -2.812798  -0.087869
 H    -2.789849  -0.839857   1.465609
 H    -0.938471  -0.768318  -0.713140
 H     1.225380   1.535812   1.210057
 H    -0.753636   0.082767   2.199674
$end
$temperature
298.15
$end
$mult
 1
$end
$sigma
 1
$end
$pressure
1.00000
$end
$scale
0.97
$end
$msrrho
$end
$freq
25.98
30.49
39.99
48.97
58.61
71.39
73.76
79.58
97.12
98.77
102.89
118.29
135.64
138.72
169.59
178.57
212.35
219.49
228.54
237.49
251.35
267.13
283.05
301.63
308.22
323.14
359.27
368.82
382.33
405.15
415.70
428.88
457.92
462.99
497.90
506.05
554.37
560.03
590.60
623.73
627.95
669.86
731.93
749.64
764.21
776.31
816.64
847.18
858.57
877.64
894.04
898.41
918.69
924.19
930.12
942.49
983.64
1002.38
1008.44
1028.27
1030.38
1038.48
1043.53
1047.32
1057.90
1074.27
1088.30
1111.93
1115.61
1136.30
1136.59
1147.93
1164.71
1179.98
1184.92
1190.11
1215.72
1233.78
1264.60
1286.99
1295.64
1304.39
1313.05
1315.60
1327.89
1337.45
1343.83
1367.57
1372.95
1382.45
1384.97
1392.99
1394.88
1398.80
1402.83
1410.16
1412.58
1413.19
1426.13
1476.45
1477.91
1481.32
1487.93
1492.36
1493.05
1496.09
1506.63
1507.86
1509.74
1515.82
1518.39
1524.76
1678.28
1695.03
1719.32
1736.32
2925.66
2954.23
2964.44
2982.30
2990.17
2994.90
2997.54
3005.35
3008.69
3016.63
3030.71
3033.88
3035.53
3054.54
3064.29
3064.38
3072.46
3073.67
3080.05
3080.97
3083.50
3092.25
3100.12
3106.15
3161.02
3434.23
3513.17
3566.88
$end
