
$molecule
 F    -4.231492   1.841071  -1.184392
 C    -3.375125   1.604500  -0.192805
 F    -2.294169   2.418173  -0.361274
 F    -3.959990   1.991742   0.975162
 C    -2.966673   0.171408  -0.138898
 N    -3.433629  -0.779643  -0.908666
 N    -2.811876  -1.941020  -0.536185
 C    -1.997112  -1.647889   0.448817
 N    -2.058854  -0.321926   0.751285
 C    -1.214902   0.351316   1.739004
 H    -1.816886   1.053721   2.309473
 C    -0.590191  -0.696320   2.645137
 N    -0.054725  -1.785766   1.848699
 C     1.265949  -1.732640   1.462467
 O     2.032339  -0.917661   1.959287
 C     1.715514  -2.741894   0.430340
 H     1.411436  -3.740186   0.740232
 H     2.801932  -2.719075   0.437731
 C     1.171114  -2.503970  -0.992289
 N     0.854134  -3.795099  -1.591250
 H     0.401261  -3.661495  -2.487043
 H     1.703283  -4.320031  -1.768486
 H     0.226603  -1.967396  -0.931870
 C     2.113651  -1.627375  -1.837071
 C     2.287360  -0.245912  -1.290496
 C     3.452726   0.151533  -0.645256
 C     3.569131   1.403550  -0.081777
 C     2.513450   2.299442  -0.153004
 C     1.343926   1.945692  -0.796364
 C     1.258500   0.684249  -1.350273
 F     0.104729   0.346968  -1.981349
 H     0.526128   2.645030  -0.873948
 F     2.630035   3.516889   0.400818
 F     4.701619   1.761655   0.545684
 H     4.284168  -0.531606  -0.551981
 H     3.085093  -2.117458  -1.912521
 H     1.701875  -1.576794  -2.845504
 C    -1.095262  -2.565792   1.200343
 H    -0.692675  -3.314263   0.528061
 H    -1.666872  -3.101426   1.963272
 H     0.214835  -0.250885   3.217498
 H    -1.332997  -1.100348   3.333248
 H    -0.438279   0.905209   1.216351
$end
$temperature
298.15
$end
$mult
 1
$end
$sigma
 1
$end
$pressure
1.00000
$end
$scale
0.97
$end
$msrrho
$end
$freq
13.81
22.70
33.85
37.42
40.01
47.90
63.22
81.59
104.32
106.04
121.52
137.78
175.56
197.85
210.73
244.78
262.16
263.85
281.74
290.74
296.82
316.20
333.78
352.61
356.85
386.26
389.76
400.60
415.28
426.79
437.49
446.22
458.18
471.32
474.87
526.80
539.11
545.07
590.39
614.84
621.61
638.63
663.08
672.97
684.61
703.71
718.36
723.04
730.10
751.89
763.65
781.48
799.86
848.88
853.59
865.60
886.80
912.50
935.56
943.32
991.00
997.98
1011.82
1020.02
1051.24
1060.91
1066.29
1110.63
1113.74
1117.18
1138.84
1159.53
1171.14
1182.92
1200.02
1212.32
1222.62
1234.05
1251.12
1255.41
1261.74
1279.54
1291.93
1311.38
1335.79
1339.53
1342.01
1355.94
1356.89
1388.47
1391.74
1405.44
1424.94
1433.91
1440.60
1465.64
1483.69
1486.92
1491.68
1499.68
1509.14
1516.29
1532.43
1535.03
1627.11
1650.61
1686.84
1702.50
2979.01
3001.02
3018.48
3029.75
3038.20
3042.08
3056.29
3086.45
3092.86
3113.81
3123.27
3162.73
3185.51
3426.29
3518.58
$end
