
$molecule
 P     2.947780  -0.842158  -0.083066
 O     4.321058  -1.327632  -0.325917
 O     1.942072  -0.971682  -1.323664
 H     0.984602  -1.040134  -1.016579
 O     2.210990  -1.581842   1.166669
 H     1.354829  -1.168338   1.351571
 C     2.880684   0.933997   0.383551
 O     1.571474   1.290315   0.833199
 C     0.958358   2.393782   0.175319
 C     0.164834   3.160303   1.208060
 H    -0.579351   2.522322   1.678945
 H    -0.347064   4.010585   0.759096
 H     0.829112   3.532444   1.983174
 H     1.738100   3.046784  -0.231181
 C     0.122922   1.942098  -1.028041
 N    -1.143695   1.320622  -0.677095
 C    -1.396248   0.010793  -0.364931
 N    -0.572897  -1.043129  -0.389177
 C    -1.182671  -2.184680  -0.052099
 N    -2.453382  -2.362579   0.289863
 C    -3.268546  -1.294663   0.305126
 N    -4.549813  -1.463946   0.665823
 H    -4.898906  -2.397925   0.780953
 H    -5.199316  -0.706295   0.562202
 C    -2.747064  -0.038411  -0.037272
 N    -3.329161   1.200674  -0.142151
 C    -2.345882   1.974016  -0.520420
 H    -2.426815   3.030819  -0.714019
 H    -0.558570  -3.068818  -0.059062
 H     0.697968   1.244194  -1.630635
 H    -0.104303   2.806961  -1.649689
 H     3.600272   1.111584   1.183650
 H     3.188440   1.516386  -0.485962
$end
$temperature
298.15
$end
$mult
 1
$end
$sigma
 1
$end
$pressure
1.00000
$end
$scale
0.97
$end
$msrrho
$end
$freq
25.41
43.50
52.51
75.86
87.62
131.24
134.40
149.26
187.01
195.15
225.54
240.92
260.28
265.07
268.11
297.03
310.17
326.60
328.17
373.42
382.31
406.04
469.09
483.98
513.94
538.50
547.57
552.60
579.94
632.70
658.75
675.69
717.12
731.09
742.14
762.85
800.92
816.79
825.17
871.04
899.68
901.90
920.13
922.84
942.60
950.87
1005.36
1034.97
1060.09
1065.07
1079.80
1098.60
1162.12
1189.51
1216.71
1251.55
1257.50
1268.63
1282.90
1306.17
1327.09
1339.65
1352.10
1363.20
1369.29
1388.89
1391.59
1412.70
1422.23
1438.53
1470.86
1480.46
1491.61
1496.74
1505.91
1519.69
1599.98
1609.94
1660.90
2907.74
2960.25
2995.43
3013.67
3032.53
3051.75
3085.95
3093.41
3101.21
3140.35
3198.77
3555.18
3685.19
3697.96
$end
