
$molecule
 O     3.843892   0.758992   1.260519
 C     3.499368   0.376766   0.006329
 O     3.861008   0.978232  -0.979075
 C     2.601462  -0.841250   0.019598
 C     1.164978  -0.382791   0.158366
 C     0.583431   0.452938  -0.791476
 C    -0.735542   0.850230  -0.666565
 C    -1.520505   0.429619   0.405134
 C    -0.931147  -0.398073   1.353312
 C     0.391718  -0.796042   1.234686
 H     0.827844  -1.436100   1.991414
 H    -1.515792  -0.737770   2.199092
 C    -2.960334   0.833368   0.500610
 H    -3.323622   0.666479   1.516957
 H    -3.050151   1.905438   0.312558
 C    -3.880980   0.089220  -0.477639
 C    -5.294820   0.646035  -0.400336
 H    -5.316058   1.715971  -0.607701
 H    -5.718701   0.493381   0.593607
 H    -5.952818   0.154503  -1.116359
 C    -3.866486  -1.411574  -0.233653
 H    -2.864217  -1.824191  -0.328286
 H    -4.510909  -1.929489  -0.943352
 H    -4.227491  -1.644100   0.770056
 H    -3.498936   0.270070  -1.487172
 H    -1.164456   1.507244  -1.413486
 H     1.173521   0.808780  -1.625272
 C     2.820515  -1.698339  -1.220398
 H     3.847143  -2.057445  -1.271646
 H     2.152794  -2.556644  -1.196530
 H     2.621536  -1.131836  -2.125318
 H     2.851071  -1.416469   0.910021
 H     4.369850   1.568584   1.159182
$end
$temperature
298.15
$end
$mult
 1
$end
$sigma
 1
$end
$pressure
1.00000
$end
$scale
0.97
$end
$msrrho
$end
$freq
25.53
39.13
47.40
51.37
72.65
94.55
180.17
200.95
223.47
234.61
239.88
258.29
288.21
322.19
347.58
386.06
402.76
408.44
424.37
472.19
505.60
583.64
619.01
638.30
661.34
706.32
743.87
783.25
817.55
826.00
831.36
843.08
858.01
889.91
897.37
932.13
942.46
955.54
968.12
1007.87
1038.68
1075.72
1089.88
1100.28
1132.85
1140.53
1153.45
1187.97
1205.28
1216.15
1229.49
1245.11
1277.99
1309.62
1312.07
1348.22
1362.15
1367.65
1371.00
1385.39
1399.95
1408.62
1420.04
1450.69
1488.64
1495.31
1496.38
1502.40
1504.03
1510.97
1518.83
1541.44
1604.77
1645.30
1777.56
2967.60
2983.06
2985.47
2992.11
3013.08
3026.18
3037.98
3050.24
3057.02
3062.15
3077.05
3083.00
3105.73
3115.14
3116.48
3130.44
3142.90
3668.54
$end
