
$molecule
 S     3.068078  -1.581098  -0.013623
 O     3.103401  -1.990207  -1.475618
 C     1.307078  -1.513265   0.376377
 N     0.750165  -1.550978   1.553601
 C    -0.602890  -1.469511   1.280633
 C    -1.697425  -1.461568   2.142660
 C    -2.957386  -1.354103   1.601195
 C    -3.155318  -1.255723   0.209339
 C    -2.085334  -1.276220  -0.674540
 C    -0.821108  -1.386770  -0.108695
 N     0.429528  -1.436468  -0.662263
 H     0.718192  -1.386345  -1.626889
 H    -2.214086  -1.207650  -1.742875
 O    -4.457972  -1.137273  -0.172327
 C    -4.736889  -1.045284  -1.557919
 H    -5.815383  -0.963763  -1.642612
 H    -4.401185  -1.934599  -2.095645
 H    -4.275127  -0.160707  -2.003268
 H    -3.833725  -1.341207   2.232825
 H    -1.554106  -1.535979   3.211326
 C     3.385120   0.309374   0.052442
 C     2.216546   1.105124  -0.378854
 N     2.012813   1.148702  -1.700319
 C     0.912771   1.747199  -2.142880
 C    -0.050988   2.323193  -1.328749
 C     0.199724   2.298429   0.043210
 C     1.349406   1.697950   0.552976
 C     1.643296   1.724087   2.018757
 H     0.981066   2.414629   2.529615
 H     2.664511   2.051111   2.208575
 H     1.524834   0.738015   2.466036
 O    -0.688146   2.934566   0.874865
 C    -1.628625   2.061920   1.507359
 H    -2.302736   2.696312   2.074602
 H    -1.134826   1.360504   2.177554
 H    -2.195225   1.492610   0.770864
 C    -1.276349   2.964107  -1.888075
 H    -1.251787   2.963130  -2.975367
 H    -2.179901   2.442023  -1.572265
 H    -1.376206   3.992425  -1.545668
 H     0.786144   1.771909  -3.221002
 H     3.709094   0.494603   1.070456
 H     4.219289   0.398001  -0.637444
$end
$temperature
298.15
$end
$mult
 1
$end
$sigma
 1
$end
$pressure
1.00000
$end
$scale
0.97
$end
$msrrho
$end
$freq
24.52
31.12
52.93
61.15
80.43
86.94
95.31
107.20
118.38
125.90
140.56
155.49
169.52
194.14
198.41
219.41
222.65
250.51
255.95
280.55
290.37
307.62
331.11
350.77
361.85
364.11
396.28
408.10
424.17
436.04
481.50
489.94
518.01
525.97
536.67
539.12
547.28
572.42
611.07
629.42
643.13
668.51
709.04
713.18
761.67
768.02
784.86
794.88
804.50
839.25
872.54
885.22
900.45
911.12
952.99
970.94
982.22
1017.58
1042.80
1046.88
1049.31
1050.56
1056.70
1089.98
1124.42
1138.77
1154.53
1164.07
1164.90
1188.92
1200.84
1207.82
1218.22
1240.55
1242.34
1278.57
1282.98
1303.99
1320.88
1325.71
1377.69
1393.45
1406.43
1409.82
1417.26
1438.97
1462.52
1465.22
1469.69
1480.69
1488.03
1489.73
1494.74
1496.79
1499.63
1505.00
1509.81
1511.24
1519.66
1529.07
1578.00
1598.18
1603.11
1655.78
2966.61
2997.00
3002.49
3008.02
3024.61
3057.70
3059.65
3062.67
3065.05
3084.25
3088.51
3105.21
3107.44
3112.14
3132.56
3149.35
3161.76
3174.35
3559.99
$end
