
$molecule
Cl     5.680690  -0.577340  -0.972707
 N    -3.181688  -0.835205  -0.496666
 N    -0.693504   1.488679   0.139636
 N     1.723464  -1.355044   2.095167
 C    -2.814162   2.341100  -0.675765
 C    -2.974393   1.311990  -1.787425
 C    -2.032360   1.879550   0.547823
 C    -3.810268   0.089476  -1.431710
 C    -2.003458   2.940017   1.639494
 C    -4.148702  -1.714424   0.150763
 C    -2.031775  -1.553209  -1.043411
 C     0.085755   0.584441   0.786421
 C     1.420168   0.325314   0.330796
 C    -4.900619  -1.037138   1.281781
 C    -2.304520  -2.537900  -2.174574
 C    -0.360715  -0.161692   1.867163
 C     2.189693  -0.645212   1.035255
 C     2.001894   0.964093  -0.778443
 C     0.484362  -1.097954   2.460532
 C     3.510959  -0.904903   0.617535
 C     3.285826   0.694267  -1.175520
 C     4.034825  -0.245139  -0.457298
 H    -3.800545   2.665218  -0.336739
 H    -2.334664   3.238615  -1.082600
 H    -1.994144   1.005247  -2.151676
 H    -3.462261   1.800282  -2.633652
 H    -2.518744   0.979631   0.910588
 H    -4.738225   0.438454  -0.978456
 H    -4.112035  -0.416658  -2.362379
 H    -0.223259   2.142262  -0.461394
 H    -1.412654   2.606006   2.489934
 H    -3.010338   3.162034   1.992061
 H    -1.565597   3.868370   1.270174
 H    -4.867480  -2.138733  -0.568102
 H    -3.598886  -2.561764   0.560671
 H    -1.300065  -0.817582  -1.370857
 H    -1.558971  -2.076189  -0.212116
 H    -5.601854  -1.732580   1.742534
 H    -4.208600  -0.693571   2.049008
 H    -5.475235  -0.177141   0.941220
 H    -2.715003  -2.050014  -3.057311
 H    -1.375096  -3.021177  -2.473981
 H    -2.998728  -3.321005  -1.873127
 H    -1.355621  -0.033376   2.261528
 H     1.438976   1.676965  -1.366196
 H     0.111333  -1.668012   3.306078
 H     4.079843  -1.638202   1.167735
 H     3.718688   1.189537  -2.031492
$end
$temperature
298.15
$end
$mult
 1
$end
$sigma
 1
$end
$pressure
1.00000
$end
$scale
0.97
$end
$msrrho
$end
$freq
9.55
23.03
30.02
46.97
62.31
82.41
94.89
102.76
105.47
120.31
132.39
169.65
209.13
213.46
221.19
235.26
241.38
253.05
257.09
281.80
309.02
331.81
348.16
366.28
390.54
407.40
416.09
428.76
434.19
477.33
490.32
506.44
523.80
535.56
540.48
581.21
598.98
613.70
662.94
718.55
724.01
760.66
764.62
781.86
793.27
802.77
813.94
846.20
851.11
868.39
869.67
884.20
907.14
915.52
919.91
944.41
951.29
984.68
1016.50
1041.45
1065.64
1077.17
1085.30
1088.76
1096.04
1101.97
1112.31
1131.93
1147.58
1161.75
1184.20
1198.60
1221.32
1229.04
1254.76
1266.20
1271.86
1305.99
1316.98
1321.72
1331.03
1353.96
1367.12
1370.12
1375.69
1380.94
1386.62
1391.79
1394.67
1402.27
1405.61
1410.99
1413.63
1416.26
1446.23
1472.09
1481.29
1485.47
1492.19
1494.05
1495.64
1498.52
1503.45
1504.08
1510.55
1514.30
1516.67
1522.40
1559.13
1596.80
1609.70
1630.58
2875.32
2882.48
2955.61
2992.17
2998.31
2999.99
3001.25
3010.66
3012.73
3020.28
3024.41
3044.77
3052.16
3054.39
3066.52
3068.31
3073.82
3078.75
3079.01
3084.39
3085.67
3123.54
3164.78
3176.54
3176.94
3567.21
$end
