
$molecule
 P     2.876726  -0.810210  -0.122097
 O     3.136226   0.001774  -1.347771
 O     1.749141  -1.920446  -0.174510
 H     0.797740  -1.556002  -0.255821
 O     4.162023  -1.677301   0.372020
 H     4.903659  -1.502448  -0.220416
 C     2.479489   0.223959   1.350950
 O     1.228254   0.877103   1.234871
 C     1.182019   1.985797   0.329543
 C     0.604172   3.165806   1.078190
 H    -0.375640   2.923784   1.484671
 H     0.505436   4.034401   0.427322
 H     1.251741   3.435551   1.909062
 H     2.189809   2.219641  -0.020741
 C     0.389946   1.609234  -0.921210
 N    -0.981118   1.219658  -0.646183
 C    -1.448708  -0.029641  -0.339776
 N    -0.794057  -1.194491  -0.275634
 C    -1.596402  -2.222006   0.014557
 N    -2.907206  -2.204388   0.232908
 C    -3.549226  -1.027224   0.166462
 N    -4.870615  -0.993616   0.414745
 H    -5.366383  -1.864860   0.467626
 H    -5.384042  -0.155223   0.213340
 C    -2.816465   0.128346  -0.135236
 N    -3.196984   1.436360  -0.307920
 C    -2.079243   2.046609  -0.606505
 H    -1.984293   3.097698  -0.823597
 H    -1.114644  -3.189146   0.079409
 H     0.890753   0.797648  -1.438450
 H     0.368037   2.457806  -1.603201
 H     2.414579  -0.421650   2.224251
 H     3.295317   0.935927   1.510239
$end
$temperature
298.15
$end
$mult
 1
$end
$sigma
 1
$end
$pressure
1.00000
$end
$scale
0.97
$end
$msrrho
$end
$freq
36.70
39.07
67.80
96.14
102.32
119.59
132.70
155.66
190.74
199.69
212.51
249.10
256.36
269.26
281.06
289.09
302.19
321.58
350.44
363.05
390.97
411.58
443.52
505.14
534.00
536.29
537.88
552.44
584.88
636.39
657.33
678.91
704.29
732.66
740.52
761.13
808.46
816.06
834.31
892.37
898.86
911.00
911.82
920.84
938.62
949.04
1005.79
1033.45
1058.69
1074.80
1087.80
1103.33
1145.35
1194.88
1215.90
1224.88
1266.22
1275.07
1280.73
1315.87
1324.30
1340.62
1353.26
1360.26
1381.14
1385.28
1393.49
1411.09
1416.92
1440.08
1462.47
1488.06
1492.65
1500.19
1507.31
1521.08
1600.58
1612.47
1659.82
2668.09
2968.12
3004.73
3006.22
3038.92
3070.01
3079.29
3091.45
3107.24
3136.01
3198.51
3552.56
3681.64
3763.42
$end
