
$molecule
 S    -2.322085   2.298058   0.460406
 O    -2.110020   3.677605  -0.150993
 C    -0.672258   1.627812   0.695889
 N    -0.360356   0.601663   1.436932
 C     0.980996   0.401574   1.174953
 C     1.858655  -0.565481   1.660100
 C     3.157294  -0.558397   1.207886
 C     3.609727   0.404740   0.284113
 C     2.762451   1.390131  -0.203530
 C     1.452879   1.360883   0.258052
 N     0.365314   2.147172  -0.016490
 H     0.271983   2.913689  -0.662567
 H     3.089125   2.136789  -0.909621
 O     4.918554   0.278109  -0.072375
 C     5.450951   1.219238  -0.987207
 H     6.491346   0.945671  -1.128172
 H     5.398299   2.236678  -0.593349
 H     4.936696   1.179452  -1.950186
 H     3.870914  -1.291688   1.554815
 H     1.522258  -1.301264   2.376166
 C    -2.798665   1.168849  -1.032801
 C    -2.021357  -0.084302  -1.119752
 N    -0.959499  -0.033868  -1.933691
 C    -0.151936  -1.085610  -1.968951
 C    -0.314002  -2.229948  -1.199868
 C    -1.432214  -2.262968  -0.369180
 C    -2.324573  -1.194588  -0.324775
 C    -3.509110  -1.214572   0.584658
 H    -3.682656  -2.212415   0.972163
 H    -4.414421  -0.892020   0.072970
 H    -3.359078  -0.546139   1.433061
 O    -1.669703  -3.376245   0.402731
 C    -1.049496  -3.320954   1.688662
 H    -1.334695  -2.415695   2.225336
 H     0.037713  -3.350811   1.603065
 H    -1.390957  -4.195939   2.233633
 C     0.671794  -3.348163  -1.254929
 H     1.406836  -3.262264  -0.453112
 H     0.183245  -4.313041  -1.146750
 H     1.219979  -3.335831  -2.194189
 H     0.693897  -1.014337  -2.645147
 H    -3.869999   1.038198  -0.920880
 H    -2.574222   1.827949  -1.864517
$end
$temperature
298.15
$end
$mult
 1
$end
$sigma
 1
$end
$pressure
1.00000
$end
$scale
0.97
$end
$msrrho
$end
$freq
11.15
26.52
46.17
50.79
56.60
71.95
86.34
102.99
104.26
119.86
134.71
140.74
151.82
165.34
200.60
209.31
219.90
249.04
253.25
284.33
290.09
306.66
327.59
341.27
359.87
364.84
392.80
399.55
420.63
438.47
484.97
490.10
499.75
510.88
537.63
542.26
552.07
569.87
607.89
629.53
641.62
662.64
704.10
706.97
766.23
768.00
772.04
783.66
798.77
840.56
876.15
888.53
894.19
906.12
953.23
972.20
984.66
1019.00
1029.23
1044.88
1045.36
1047.05
1054.26
1090.00
1124.48
1137.09
1141.82
1163.90
1170.82
1189.27
1200.74
1206.69
1218.68
1239.59
1243.57
1275.62
1283.42
1307.44
1321.73
1324.95
1378.05
1394.29
1406.57
1410.32
1415.32
1443.47
1462.14
1465.12
1469.44
1482.92
1485.98
1492.37
1495.13
1498.79
1499.07
1505.47
1508.55
1510.43
1517.66
1528.67
1582.74
1599.37
1606.84
1656.74
2967.72
2983.45
2999.04
3004.05
3025.51
3046.07
3057.51
3058.18
3060.26
3091.43
3096.01
3099.72
3106.46
3113.85
3134.14
3149.77
3162.26
3173.37
3577.51
$end
