
$molecule
 S     5.857279  -4.275123   5.688321
 C     4.398150  -3.512691   5.644041
 N     3.998027  -2.542973   4.788489
 C     4.779214  -2.114294   3.684790
 C     4.983536  -2.972720   2.616795
 C     5.724348  -2.533900   1.542359
 C     6.271047  -1.256066   1.467021
 C     6.040007  -0.422375   2.559688
 C     5.314743  -0.835502   3.659545
 H     5.183420  -0.179808   4.506170
 H     6.462438   0.570111   2.512174
 C     7.077039  -0.665789   0.340372
 O     7.368613   0.526735   0.348942
 N     7.472645  -1.489420  -0.653598
 H     7.211880  -2.457343  -0.633712
 C     8.260433  -0.990099  -1.760016
 H     9.207234  -0.581358  -1.411463
 H     7.731991  -0.198369  -2.287908
 H     8.455364  -1.809028  -2.445259
 F     5.896848  -3.423134   0.525078
 H     4.591465  -3.977426   2.626387
 C     2.587715  -2.159876   4.958237
 C     2.189032  -3.023678   6.145304
 O     1.105950  -3.051447   6.681742
 N     3.306527  -3.769164   6.494529
 C     3.331884  -4.672022   7.582764
 C     2.354324  -5.646464   7.686409
 C     2.369820  -6.513733   8.760643
 C     3.362604  -6.421946   9.735641
 C     4.343645  -5.422490   9.624301
 C     4.317234  -4.552916   8.552929
 H     5.063031  -3.782234   8.464167
 C     5.419867  -5.289270  10.671607
 F     6.173889  -6.408002  10.748980
 F     6.255247  -4.260391  10.409637
 F     4.890459  -5.070902  11.897015
 C     3.331151  -7.351390  10.807201
 N     3.261892  -8.131572  11.661708
 H     1.615027  -7.279703   8.850738
 H     1.584835  -5.725298   6.934659
 C     1.755566  -2.543462   3.741727
 H     0.705522  -2.358960   3.950672
 H     1.879558  -3.595930   3.495528
 H     2.051558  -1.949544   2.880503
 C     2.416268  -0.690961   5.315231
 H     2.659617  -0.061942   4.463045
 H     3.053368  -0.413440   6.151886
 H     1.381894  -0.510687   5.595238
$end
$temperature
298.15
$end
$mult
 1
$end
$sigma
 1
$end
$pressure
1.00000
$end
$scale
0.97
$end
$msrrho
$end
$freq
15.39
18.77
22.37
28.79
36.51
37.09
49.50
53.49
72.29
75.51
89.89
103.05
112.73
121.21
141.15
155.15
166.28
176.34
200.14
206.07
227.88
235.80
251.13
261.93
277.01
285.06
294.18
298.79
309.19
311.17
321.65
325.19
361.00
369.80
387.60
412.94
429.52
437.13
456.05
463.03
475.10
489.35
501.90
527.77
551.53
553.67
576.64
578.19
591.57
614.08
621.92
637.67
641.10
664.54
680.21
706.81
717.17
736.29
742.10
748.57
749.88
807.58
820.75
831.39
834.75
844.09
875.53
879.54
924.07
930.36
950.85
960.39
966.58
1014.72
1017.27
1023.30
1043.69
1062.47
1114.65
1116.54
1126.35
1142.08
1144.70
1160.52
1165.82
1174.45
1179.18
1184.62
1189.70
1221.96
1224.21
1259.34
1265.02
1278.66
1285.75
1293.54
1317.78
1347.34
1351.57
1377.70
1394.02
1414.52
1425.57
1440.23
1453.75
1456.58
1482.96
1486.45
1488.94
1507.32
1510.39
1514.40
1519.72
1522.91
1554.59
1591.10
1593.84
1640.29
1643.84
1705.99
1786.44
2283.31
3010.66
3016.67
3019.94
3065.60
3094.00
3099.26
3104.73
3109.95
3110.27
3167.56
3170.80
3177.20
3182.94
3183.21
3208.43
3611.95
$end
