
$molecule
 F    -4.850890   0.950634   0.598242
 C    -3.615595   1.519952   0.669544
 F    -3.760622   2.841241   0.573914
 F    -3.133400   1.233312   1.908192
 C    -2.717733   0.982735  -0.394808
 N    -2.141253   1.694906  -1.331175
 N    -1.400602   0.831789  -2.094777
 C    -1.562829  -0.367169  -1.591077
 N    -2.398117  -0.336456  -0.517810
 C    -2.668006  -1.472599   0.364460
 H    -3.730664  -1.510860   0.589482
 C    -2.211586  -2.752027  -0.318761
 N    -0.900896  -2.569184  -0.922094
 C     0.212754  -2.825665  -0.155269
 O     0.093234  -3.373488   0.936394
 C     1.559826  -2.466502  -0.745243
 H     1.536049  -1.462720  -1.163043
 H     1.754428  -3.146966  -1.576233
 C     2.728554  -2.543480   0.230744
 N     2.918823  -3.908072   0.691020
 H     3.740461  -3.963856   1.279336
 H     2.121161  -4.177176   1.252914
 H     3.611943  -2.280491  -0.357635
 C     2.618231  -1.486788   1.357925
 C     2.577855  -0.085291   0.834484
 C     3.740257   0.545081   0.392423
 C     3.707242   1.803752  -0.167753
 C     2.499259   2.472417  -0.313782
 C     1.327130   1.883739   0.113302
 C     1.396420   0.625150   0.677426
 F     0.230259   0.059655   1.089892
 H     0.382656   2.390246  -0.012147
 F     2.477369   3.693867  -0.866345
 F     4.845078   2.392710  -0.578069
 H     4.696814   0.051194   0.492470
 H     1.742838  -1.703779   1.962355
 H     3.491326  -1.602581   2.001102
 C    -0.948293  -1.645756  -2.043360
 H     0.031533  -1.454168  -2.458078
 H    -1.545421  -2.089455  -2.843774
 H    -2.157774  -3.550866   0.410866
 H    -2.910850  -3.038554  -1.103982
 H    -2.120301  -1.325564   1.291500
$end
$temperature
298.15
$end
$mult
 1
$end
$sigma
 1
$end
$pressure
1.00000
$end
$scale
0.97
$end
$msrrho
$end
$freq
18.57
20.34
24.88
32.36
45.38
64.28
67.94
75.49
109.27
121.13
135.66
144.66
190.91
195.48
209.59
226.25
268.68
273.04
286.42
291.19
316.90
323.76
343.23
346.01
360.79
389.45
391.88
395.00
419.35
429.01
436.57
451.53
466.52
473.39
500.64
528.90
542.12
545.97
580.03
593.64
611.47
631.26
659.49
663.73
676.27
697.28
714.65
719.69
730.04
762.67
780.26
798.21
804.99
835.75
859.87
863.12
889.41
910.81
925.14
938.50
980.00
991.90
1012.14
1013.67
1053.17
1055.01
1074.40
1102.94
1106.36
1138.20
1145.48
1158.55
1172.45
1177.53
1191.84
1209.30
1219.78
1229.44
1248.05
1254.79
1274.36
1276.55
1283.74
1321.01
1334.16
1337.17
1350.30
1352.30
1373.64
1378.49
1390.79
1402.94
1423.81
1435.41
1438.29
1457.48
1467.35
1483.81
1493.54
1498.97
1501.99
1517.34
1533.78
1534.62
1623.00
1648.44
1662.62
1706.65
2977.21
2988.55
3012.07
3014.30
3023.21
3048.87
3066.86
3098.11
3098.53
3126.45
3144.59
3151.17
3184.07
3441.37
3532.23
$end
