
$molecule
 O     2.012598   1.181729   0.664623
 C     1.137951   1.458667  -0.307217
 O     0.688458   2.575860  -0.444163
 C     0.768490   0.325454  -1.258275
 H     1.649527   0.108848  -1.868375
 C     0.233918  -0.988702  -0.661725
 C    -0.760504  -0.772377   0.476698
 H    -1.098409  -1.751307   0.834422
 C    -1.992027   0.070111   0.140794
 C    -2.824510  -0.538863  -0.978425
 H    -2.277919  -0.599680  -1.918371
 H    -3.716237   0.058043  -1.165433
 H    -3.152286  -1.547365  -0.718129
 C    -2.836500   0.269979   1.392059
 H    -3.697422   0.905542   1.188438
 H    -2.260084   0.739891   2.188334
 H    -3.212098  -0.683530   1.768561
 H    -1.650374   1.054844  -0.183980
 H    -0.250583  -0.298080   1.318122
 H    -0.299506  -1.485363  -1.475897
 C     1.333346  -1.976776  -0.281164
 N     2.174011  -1.496586   0.826064
 H     3.052179  -1.996956   0.854295
 H     1.718711  -1.661368   1.714655
 H     0.877557  -2.947050  -0.056556
 H     1.984513  -2.125019  -1.142327
 H     0.026946   0.745769  -1.930542
 H     2.207581   0.193350   0.696054
$end
$temperature
298.15
$end
$mult
 1
$end
$sigma
 1
$end
$pressure
1.00000
$end
$scale
0.97
$end
$msrrho
$end
$freq
54.11
65.79
69.98
120.22
149.52
174.65
230.12
243.45
253.92
292.94
301.60
355.34
364.90
401.46
423.67
459.43
480.99
575.55
598.30
733.92
791.25
833.15
860.45
890.81
897.66
924.91
933.80
965.36
967.21
999.91
1010.42
1062.29
1088.79
1101.77
1119.79
1150.41
1190.08
1200.47
1218.27
1245.97
1299.75
1312.59
1318.86
1346.07
1362.25
1376.25
1390.21
1395.43
1401.42
1414.90
1422.06
1479.99
1488.28
1497.27
1500.88
1504.07
1507.62
1511.41
1521.29
1683.95
1780.37
2917.36
2954.26
2957.99
2983.31
2985.09
2988.72
2994.84
3005.84
3019.96
3035.75
3050.11
3059.50
3064.46
3067.64
3086.69
3458.65
3540.28
$end
