
$molecule
 O     0.325208   1.838423  -0.729799
 C    -0.124719   1.563876   0.383359
 N    -1.417381   1.302824   0.639203
 H    -1.596784   1.013038   1.590599
 C    -2.487171   1.230464  -0.347838
 C    -2.746088   2.576857  -1.005014
 H    -1.875960   2.899015  -1.569123
 H    -3.594249   2.508221  -1.685074
 H    -2.969981   3.333562  -0.255499
 H    -3.371002   0.950129   0.226854
 C    -2.241801   0.128288  -1.390863
 C    -1.894748  -1.190312  -0.772174
 C    -2.838115  -1.915039  -0.046950
 C    -2.498080  -3.104131   0.578266
 C    -1.201505  -3.592457   0.488972
 C    -0.254984  -2.885472  -0.236700
 C    -0.603142  -1.696993  -0.861589
 H     0.137040  -1.146859  -1.426815
 H     0.757553  -3.258861  -0.318385
 H    -0.934647  -4.521086   0.975952
 H    -3.246785  -3.654114   1.133276
 H    -3.854557  -1.546272   0.025267
 H    -3.148963   0.040244  -1.991509
 H    -1.444840   0.450355  -2.055774
 C     0.764008   1.553230   1.642687
 N     0.168740   0.693969   2.670348
 H     0.334699  -0.278565   2.441313
 H     0.611755   0.863297   3.563581
 C     2.219659   1.274262   1.283315
 H     2.843886   1.483577   2.155875
 H     2.503974   1.993314   0.518588
 C     2.471840  -0.141761   0.790300
 H     2.409720  -0.845126   1.624165
 C     3.808091  -0.336418   0.087720
 H     3.910883  -1.394971  -0.170458
 H     4.630685  -0.112358   0.774844
 C     3.989487   0.496200  -1.185353
 N     2.937765   0.407907  -2.187740
 H     2.727140  -0.560604  -2.396266
 H     2.085766   0.834544  -1.842381
 H     4.935623   0.207756  -1.649574
 H     4.101878   1.549867  -0.928715
 H     1.675293  -0.424924   0.103681
 H     0.705546   2.575916   2.027379
$end
$temperature
298.15
$end
$mult
 1
$end
$sigma
 1
$end
$pressure
1.00000
$end
$scale
0.97
$end
$msrrho
$end
$freq
15.83
23.46
38.63
47.82
62.77
87.68
103.80
109.60
118.33
155.43
190.76
211.44
223.13
234.83
242.75
264.75
303.89
317.35
337.53
355.80
359.06
383.89
405.72
426.75
463.98
486.09
498.41
508.06
572.68
595.90
605.60
637.90
683.61
690.21
720.36
734.39
766.86
820.83
822.10
835.12
838.24
842.19
851.48
883.13
896.57
902.96
908.30
918.85
923.82
951.49
957.67
981.45
1014.69
1017.83
1046.93
1052.69
1069.57
1085.17
1093.72
1107.44
1121.13
1131.69
1147.48
1170.59
1179.10
1189.90
1199.74
1214.40
1225.97
1234.14
1252.00
1286.77
1293.50
1314.84
1337.24
1346.04
1346.80
1360.35
1367.80
1371.44
1384.90
1393.84
1400.35
1402.90
1406.09
1407.03
1477.42
1480.64
1485.23
1492.36
1495.36
1498.16
1501.87
1514.84
1525.26
1551.77
1616.14
1638.51
1688.40
1699.98
1706.34
2955.22
2976.93
2982.00
2988.13
2991.98
2993.65
3003.77
3007.05
3012.06
3031.21
3051.99
3069.99
3076.10
3082.48
3108.24
3110.10
3121.75
3130.14
3138.85
3146.58
3420.19
3442.08
3489.68
3511.79
3530.17
$end
