
$molecule
 S     0.236801  -0.706534  -0.549507
 C     0.358646   0.934952  -0.483107
 N     1.474191   1.670527  -0.266725
 C     2.771426   1.102434  -0.184684
 C     3.353751   0.560588  -1.318888
 C     4.622985   0.034510  -1.228958
 C     5.362971   0.031378  -0.049974
 C     4.742874   0.588232   1.067080
 C     3.466206   1.111476   1.015222
 H     2.999198   1.504212   1.904978
 H     5.307318   0.587522   1.987475
 C     6.757109  -0.497822   0.159772
 O     7.333268  -0.312879   1.228005
 N     7.332121  -1.183948  -0.850879
 H     6.836472  -1.311825  -1.713000
 C     8.665183  -1.729353  -0.711760
 H     9.388207  -0.942471  -0.504699
 H     8.934846  -2.228567  -1.637113
 H     8.710315  -2.444554   0.107654
 F     5.141154  -0.489061  -2.374685
 H     2.821978   0.526984  -2.256624
 C     1.249229   3.120228  -0.378499
 C    -0.251054   3.166337  -0.624042
 O    -0.927296   4.159121  -0.757890
 N    -0.694229   1.850947  -0.662531
 C    -2.048497   1.492892  -0.857083
 C    -2.686924   0.650770   0.039004
 C    -4.011695   0.324238  -0.164346
 C    -4.716021   0.841168  -1.252916
 C    -4.061808   1.703462  -2.146328
 C    -2.732191   2.018178  -1.942868
 H    -2.224265   2.676915  -2.626566
 C    -4.796962   2.279000  -3.330034
 F    -5.851905   3.027904  -2.939521
 F    -4.001172   3.071303  -4.082536
 F    -5.268308   1.304047  -4.139547
 C    -6.077905   0.471629  -1.401009
 N    -7.185923   0.140431  -1.479879
 H    -4.519928  -0.332958   0.524383
 H    -2.150304   0.251535   0.884275
 C     1.981603   3.706988  -1.578310
 H     1.695653   4.747832  -1.701409
 H     1.734188   3.170320  -2.491754
 H     3.056821   3.654053  -1.426012
 C     1.582367   3.867669   0.903676
 H     2.656142   3.875505   1.071172
 H     1.094814   3.411230   1.762121
 H     1.237175   4.894387   0.817266
$end
$temperature
298.15
$end
$mult
 1
$end
$sigma
 1
$end
$pressure
1.00000
$end
$scale
0.97
$end
$msrrho
$end
$freq
13.34
20.02
20.76
28.46
37.12
37.87
49.46
53.47
72.46
76.35
92.17
100.90
119.56
120.92
134.85
155.40
165.98
171.15
200.90
207.41
227.56
235.68
250.66
267.44
276.99
284.22
295.08
297.60
309.54
311.80
321.97
322.33
365.11
367.21
387.45
413.90
428.60
436.57
449.41
462.98
474.89
490.61
503.53
527.82
551.68
554.19
576.43
577.94
590.89
613.63
621.60
638.51
641.34
667.68
678.72
706.60
716.03
737.81
743.88
747.63
748.84
809.71
819.00
831.83
833.72
843.88
868.69
886.51
919.81
925.99
950.88
960.62
966.81
1014.76
1017.48
1023.33
1044.92
1062.29
1115.67
1116.55
1131.11
1134.28
1142.01
1160.93
1165.42
1175.09
1179.20
1184.93
1191.04
1221.06
1225.36
1258.78
1265.45
1277.53
1286.64
1301.94
1308.02
1347.42
1351.24
1378.99
1394.05
1414.49
1428.57
1440.60
1451.44
1453.90
1482.95
1486.42
1488.70
1507.01
1510.42
1514.32
1519.87
1524.04
1555.02
1590.96
1593.38
1639.31
1643.71
1706.01
1787.60
2283.61
3010.57
3016.76
3019.97
3065.39
3094.20
3099.01
3104.94
3109.88
3110.44
3167.34
3171.99
3176.93
3183.16
3188.71
3203.09
3611.87
$end
