
$molecule
 O    -0.211168  -2.683905   1.037716
 C    -0.534817  -1.762057   0.091580
 O    -0.445957  -2.003525  -1.092177
 C    -1.046987  -0.491925   0.692898
 H    -0.746899  -0.427382   1.737756
 C    -0.675146   0.775611  -0.071690
 C     0.687994   1.327888   0.334928
 H     0.843127   2.287803  -0.167488
 C     1.906637   0.449311   0.058507
 C     2.145678   0.249406  -1.431302
 H     3.029182  -0.364759  -1.603939
 H     2.311889   1.209308  -1.924232
 H     1.308564  -0.242722  -1.918644
 C     3.139847   1.047002   0.724573
 H     3.357808   2.037110   0.320316
 H     4.018759   0.424488   0.559428
 H     3.002798   1.152048   1.800881
 H     1.737514  -0.531723   0.512259
 H     0.654334   1.555001   1.405182
 H    -0.662741   0.529412  -1.135749
 C    -1.748818   1.842838   0.133966
 N    -3.057587   1.373258  -0.310301
 H    -3.067736   1.284959  -1.318986
 H    -3.772944   2.046356  -0.070333
 H    -1.822000   2.076559   1.198944
 H    -1.417423   2.763018  -0.365441
 H    -2.137539  -0.579265   0.678347
 H     0.049363  -3.481595   0.549575
$end
$temperature
298.15
$end
$mult
 1
$end
$sigma
 1
$end
$pressure
1.00000
$end
$scale
0.97
$end
$msrrho
$end
$freq
49.20
54.56
80.54
89.50
118.65
153.98
190.73
226.96
232.10
252.64
265.06
317.85
355.84
393.63
426.13
446.70
459.21
527.40
561.88
634.78
692.78
815.93
834.55
853.89
877.67
901.36
933.69
937.55
967.30
971.79
999.42
1030.63
1083.75
1109.15
1114.97
1125.11
1169.66
1191.03
1198.34
1232.35
1285.85
1294.25
1309.08
1324.74
1352.86
1357.74
1377.43
1395.80
1400.31
1404.14
1415.48
1422.89
1468.05
1485.75
1496.67
1502.84
1511.34
1514.23
1523.97
1688.85
1774.04
2914.93
2957.92
2971.67
2982.45
2984.27
2990.20
2991.33
2997.02
3017.33
3048.79
3055.32
3056.24
3061.59
3092.72
3442.42
3531.63
3666.58
$end
