
$molecule
 S     4.773631  -1.058521  -0.042166
 O     5.340436   0.223313  -0.492259
 O     5.165493  -1.711746   1.217325
 N     5.032952  -2.180115  -1.303579
 H     5.655579  -1.755245  -1.979213
 H     5.454837  -3.012019  -0.910390
 C     2.986765  -0.890558  -0.031284
 C     2.392377   0.060339  -0.843633
 C     1.017045   0.194732  -0.832592
 C     0.255654  -0.611251   0.004545
 C     0.858094  -1.566040   0.813164
 C     2.232868  -1.708986   0.793308
 H     2.720669  -2.429882   1.431783
 H     0.244391  -2.188337   1.445757
 N    -1.152220  -0.479054   0.033432
 C    -1.910025   0.665577  -0.024342
 C    -3.219825   0.242185  -0.056934
 C    -3.153438  -1.153109   0.005249
 N    -1.904712  -1.594994   0.058950
 C    -4.287532  -2.123731  -0.025500
 F    -5.454727  -1.497294   0.264402
 F    -4.130179  -3.128336   0.860000
 F    -4.436494  -2.690307  -1.249171
 H    -4.094472   0.865863  -0.061395
 C    -1.384639   2.023156   0.037572
 C    -1.878981   2.999048  -0.824769
 C    -1.407197   4.299045  -0.762580
 C    -0.431217   4.669134   0.157662
 C     0.055564   3.688402   1.020666
 C    -0.412712   2.390054   0.969224
 H    -0.025171   1.654466   1.659824
 H     0.811126   3.949230   1.750840
 C     0.063373   6.079003   0.241420
 H    -0.141865   6.630929  -0.672924
 H    -0.421075   6.613693   1.060134
 H     1.135468   6.116280   0.426372
 H    -1.800081   5.038437  -1.448750
 H    -2.623395   2.729584  -1.561788
 H     0.538071   0.920707  -1.470095
 H     3.000669   0.691020  -1.474070
$end
$temperature
298.15
$end
$mult
 1
$end
$sigma
 1
$end
$pressure
1.00000
$end
$scale
0.97
$end
$msrrho
$end
$freq
4.75
15.04
24.17
30.65
36.99
43.93
55.77
62.20
95.55
107.40
130.13
134.31
146.23
177.73
191.91
204.85
236.00
259.33
291.38
331.09
346.64
348.16
362.73
376.23
402.08
405.94
411.40
423.08
430.35
464.06
475.76
504.81
530.65
544.35
554.09
572.27
610.27
626.27
641.33
655.25
661.35
693.55
708.24
715.81
723.38
729.13
760.16
805.29
814.76
824.54
825.21
830.71
837.72
862.19
909.51
938.36
944.37
953.25
975.75
985.97
1005.80
1031.00
1038.24
1052.50
1065.88
1080.12
1098.17
1099.39
1107.23
1117.01
1129.36
1135.49
1141.59
1200.02
1207.05
1214.20
1233.65
1235.03
1289.69
1306.60
1328.16
1329.57
1342.08
1360.57
1389.96
1415.57
1433.71
1437.67
1458.35
1471.84
1494.21
1498.68
1525.40
1535.30
1577.41
1595.87
1609.24
1615.43
1627.91
1647.35
2997.33
3055.60
3086.31
3124.33
3126.76
3143.20
3150.86
3167.69
3168.68
3180.01
3182.08
3233.83
3453.90
3569.01
$end
