
$molecule
 O     2.029602   2.436242   0.829489
 C     1.702056   1.448064   0.174835
 N     0.544000   1.339617  -0.511798
 H     0.311608   0.418209  -0.893370
 C    -0.475417   2.367263  -0.530769
 C    -1.097580   2.431676  -1.914163
 H    -1.557871   1.484310  -2.190902
 H    -1.866761   3.201526  -1.959767
 H    -0.337560   2.664063  -2.657418
 H     0.036170   3.306700  -0.325924
 C    -1.508406   2.179515   0.602258
 C    -2.141773   0.824344   0.628978
 C    -1.645545  -0.165033   1.474178
 C    -2.171557  -1.447427   1.466388
 C    -3.209137  -1.769028   0.603429
 C    -3.727658  -0.789859  -0.233288
 C    -3.201736   0.493763  -0.213873
 H    -3.626841   1.252609  -0.857486
 H    -4.551601  -1.023515  -0.894781
 H    -3.622265  -2.768893   0.594320
 H    -1.771203  -2.196873   2.136403
 H    -0.836570   0.079406   2.149290
 H    -0.992005   2.361308   1.543222
 H    -2.269548   2.954802   0.499491
 C     2.603363   0.209570   0.051234
 N     3.989348   0.458116   0.412156
 H     4.387849   1.106892  -0.256868
 H     3.984262   0.975798   1.285792
 C     2.037588  -0.939299   0.889048
 H     0.951716  -0.890998   0.893264
 H     2.355515  -0.785681   1.922612
 C     2.478734  -2.314598   0.416493
 H     3.567705  -2.338686   0.361103
 C     1.893573  -2.758346  -0.922897
 H     2.240611  -3.774253  -1.120383
 H     2.297516  -2.152519  -1.737542
 C     0.368609  -2.735964  -1.003495
 N    -0.154871  -1.453942  -1.507479
 H    -1.157038  -1.424237  -1.354386
 H    -0.023295  -1.417495  -2.511773
 H    -0.053976  -2.888767  -0.010517
 H     0.021720  -3.577546  -1.614346
 H     2.192728  -3.050934   1.172747
 H     2.583381  -0.090889  -0.997234
$end
$temperature
298.15
$end
$mult
 1
$end
$sigma
 1
$end
$pressure
1.00000
$end
$scale
0.97
$end
$msrrho
$end
$freq
22.83
41.29
57.83
69.19
74.44
86.60
95.20
114.61
141.64
167.59
173.41
196.44
218.12
228.39
244.51
270.50
273.44
312.78
326.66
346.18
354.94
406.61
412.04
417.08
431.00
465.37
492.75
501.50
517.20
637.02
638.81
673.78
696.73
741.76
758.67
762.03
795.79
802.42
830.87
845.09
851.76
884.14
893.02
902.01
913.04
916.83
929.42
931.82
952.88
960.42
971.57
1015.40
1017.36
1027.86
1040.95
1046.30
1057.11
1079.45
1082.96
1115.52
1120.79
1143.33
1166.47
1175.11
1178.79
1180.26
1201.42
1222.10
1236.42
1252.35
1273.39
1280.72
1295.43
1314.07
1337.55
1345.33
1348.71
1359.93
1367.30
1368.15
1380.44
1389.28
1396.54
1409.39
1414.03
1419.40
1478.91
1489.05
1492.61
1494.12
1496.14
1501.43
1513.06
1517.12
1524.31
1609.12
1612.65
1636.16
1683.22
1704.91
1713.57
2932.89
2973.84
2986.55
2998.45
3000.49
3005.33
3015.43
3022.12
3031.01
3035.97
3037.00
3060.43
3074.16
3074.95
3079.74
3121.83
3125.77
3134.59
3139.87
3148.22
3243.59
3419.79
3420.80
3495.46
3504.93
$end
