
$molecule
Cl     4.783233   1.604176   0.654175
 N    -2.029081   1.638005  -0.203428
 N    -1.405830  -1.134280   0.465075
 N     2.303186  -2.496242  -1.009868
 C    -3.829858  -0.894752   0.388283
 C    -3.947495   0.116192  -0.757253
 C    -2.653794  -1.860603   0.315496
 C    -3.469040   1.523212  -0.431802
 C    -2.775331  -2.945903   1.377114
 C    -1.679052   2.811877   0.600741
 C    -1.239915   1.556337  -1.442339
 C    -0.212156  -1.614883   0.027517
 C     0.980040  -0.843576   0.228238
 C    -2.036471   2.665591   2.067160
 C    -1.412210   2.682375  -2.451430
 C    -0.053131  -2.840111  -0.607732
 C     2.194091  -1.316474  -0.344501
 C     1.006516   0.344332   0.976505
 C     1.200796  -3.212257  -1.094260
 C     3.360204  -0.534497  -0.211824
 C     2.151921   1.085709   1.109594
 C     3.324660   0.636778   0.490504
 H    -4.732077  -1.504892   0.421000
 H    -3.790935  -0.370384   1.346823
 H    -4.996099   0.207663  -1.044603
 H    -3.440131  -0.265021  -1.645037
 H    -2.684834  -2.334477  -0.674106
 H    -3.803054   2.211232  -1.218971
 H    -3.977297   1.845024   0.474852
 H    -1.512506  -0.114791   0.472922
 H    -2.859659  -2.496552   2.365633
 H    -1.903105  -3.594736   1.383104
 H    -3.655530  -3.563841   1.202198
 H    -0.601630   2.948804   0.511688
 H    -2.138937   3.726549   0.201661
 H    -0.194055   1.495598  -1.146417
 H    -1.466416   0.602313  -1.916307
 H    -1.590883   1.768671   2.493693
 H    -1.668891   3.524892   2.626346
 H    -3.110644   2.611603   2.232921
 H    -2.429032   2.752658  -2.833194
 H    -1.142825   3.649761  -2.031505
 H    -0.758797   2.504613  -3.304273
 H    -0.888258  -3.502131  -0.772898
 H     0.111830   0.679732   1.477282
 H     1.292854  -4.163940  -1.609133
 H     4.269092  -0.898670  -0.665166
 H     2.164579   1.991190   1.697828
$end
$temperature
298.15
$end
$mult
 1
$end
$sigma
 1
$end
$pressure
1.00000
$end
$scale
0.97
$end
$msrrho
$end
$freq
18.06
31.23
44.73
64.03
84.59
85.40
102.15
108.60
119.55
136.55
140.60
180.22
209.65
215.45
219.05
237.84
240.38
251.29
260.78
289.23
299.63
328.49
362.53
385.82
392.60
412.84
420.16
430.97
483.74
492.97
508.22
525.44
535.17
547.08
578.85
596.24
627.13
662.61
704.44
722.86
728.36
775.91
778.39
789.67
798.60
810.76
822.94
857.41
860.18
876.09
890.10
898.60
911.75
916.62
937.73
942.69
970.84
994.30
1028.63
1048.67
1066.58
1075.86
1083.60
1088.09
1098.51
1103.43
1114.08
1133.01
1145.71
1161.55
1187.37
1196.66
1217.88
1230.16
1254.67
1267.72
1276.66
1309.87
1319.82
1325.09
1338.60
1352.04
1367.45
1375.00
1375.64
1384.94
1385.45
1388.17
1394.59
1403.66
1408.19
1409.56
1415.11
1418.20
1452.74
1470.05
1484.92
1488.19
1492.51
1495.91
1496.25
1500.36
1505.98
1509.96
1511.94
1516.78
1523.79
1524.20
1575.07
1603.79
1622.84
1637.31
2912.72
2922.09
2929.14
2987.06
2997.57
3003.13
3004.73
3007.47
3019.87
3027.38
3030.70
3041.91
3051.84
3054.30
3073.33
3074.50
3074.75
3079.08
3084.18
3084.25
3088.52
3155.43
3169.00
3172.38
3175.82
3189.71
$end
